$ANSIBLE_VAULT;1.1;AES256
35633061326237626537613263333465343365643466393235393436393435623234383364623731
6637316432363965633238333535643464353066653937360a393637613564653165626664616136
30313363356138376533363536326432386636363433633262646331303062393431623232626530
6533326434326236660a646434383736313765626563356439316662633236303437616631316466
66643633336131373464663061313639353663303435656333343663616332653734326661653263
63653735326430643339636664383133323265623564383064633332613233633239633835353231
34376635663937666438633234643430623934306430393332376332306462303531363339323962
39636638386265623533343366663064386337653062343032326239336264383939336262313666
34336562633633303862613031656534363730613466633539666639323130646330643833616638
64633161316635393430343535666638636135633130313339646262333362653566636539346536
32336364613561363637666235633962623262393233356638353633616266363761343736306564
32316438653565333338396361613663396131653862326666636666326338333563303964303330
38643531656234623138396165303239333234346235363430626232333938316461373261386465
33663466343931626333373438666630356563383331613161616564366238383038653434626433
61653166313633396539373534646634663238316437376166303763666431373662303866623236
32363731613838616363663534616563343030663831623232383963646262323030626233336464
34316436613566363033623266303062396561373339366339656265373536376232643638326565
32303836616365643332323434396538646438646339613933616361346333373034623563386430
63376537316362633164653463363461303131333536363432306363623863353866643231363939
39326239306163303465343534316336666166323536643632313730666137313464663838623433
32303562306233396130303361623537336437353561373965376465633365373135396466633265
35303335346335626137396361643136323731616661393464386130323333383861323362616532
62326461373030316361653766346436343164616365656465383661633531353635633430323636
30383034346337373764363132366637303132353636623338633237626636653930373266666530
32616330366539613832346536316136663166336232353031373764386236343334393531313233
65343836353363336536613131363235643866333530363063633736363939353964396534373332
31646663363935366263383965646533373735373133333532333833653733356237663733383066
35656662656136666566666565323164343838346233643436396636636266316265663164366639
37313164646363663438393261343331616338643966663565643063353633666264393439343862
38313566343531313730323238633162376531323032626635333962633332333966613031306265
32313637343834613334656662613464653364623966346434326539316161326331366662336162
39306165633336323966323661356434623464333361646562323364643463353130663534653262
33333363653333386465313766666231366561393634383263656665316362616264393438353865
39633832333738623264323139346135333538373636626535326636383539383833386635323230
34376136323737643161316338313632616433613461623264666463356339623936666632393666
62626335663531376231313064633639613136666632363633353664363037616232663034313836
37336234303835643838343065396139373131613030643766613664336132306633643935636533
30396233353663663734643065333334393836613939333566613163383732313865633639396565
63343366616533613835343732613465646430326134336639303562323239646162363730643464
65643439626635373361386132343137373936313966633738333361636363303230333566343465
32326634353162323262356363666665363433303562366638393764313364353261643062633039
66303737346265656665383962306531613263346265306332653337616539326263383933663834
64373162396232363636306132363962613066353063663463313332323261313761346237663534
33646338656431306666393433373532343635356664663461623933356339336264313235316133
62383136633664363434353539323064396364303030363837326338643132333234396534306236
32316664623664663564326265343262626634633264336262333532313733343437646162313134
36363634366438653063656639316262626539303838393234316535383032376463383835663838
34643838356663633334313235376362393534366662333264623231303765643161653433656332
65396533623433386238633933363764623732343566383135313865386461316437336266663166
61646230646365613837646631366664663865326634633130633661313864656539306335343732
33613437363030356239646135383630623136653331333139343466343062393435613962643564
32316434306630666337343466396263383732343535343939613061386637336233316430313861
63666230643366653964633331306230313434646639396564376632663830666330636331313037
32396530373233323735643366623935363063663531316530306161373762346361666362386562
65336536626330366334616138306337316363666266313763356532613038643634393064346561
64376561646239373364613266333364323565633030376565653633366663666263386631613036
31353237393037636662373939306464613436356635366564643662653637373031323831386137
38643166376336643336663437306236363739616465363235666237303665336531633830653131
36383939613634386264663937343263376666616232336337373034353865643731643563303338
30383066393637313361373236396161303638353039363939316362616632636135623366333436
34366666383966323566616235613233363566616666646164393937393832616634663461616432
31373931623562333334306634306666343662653262373361313761303433656264653337663030
66306265303366336561633938616132393530656438613065366361326332343136633362373265
36666535333165306238326230333739383637383161303033633537376363376535643265316566
32636432326539393433323934626664356137623834643436323639383531613136653631303535
31343733373939366633333934346531616337623665313135363537303237623361333038653430
32646466643038393235336263326264386366623463623234333161633231643163303265373862
64346131333839633632376430346132353563363234656430613534623666363634356438393534
61613234353335666163633832653365333731376465376331313664383430656362303134353831
61363133653165663137663238373535626361386265346361346639303031366135356166646635
62303831343132666561373966303361376161366562343933306239363863353262303734336662
30346561646437626461633430383133343136363161333036336462613232353832313337373938
34656436353535333535323166636366623032393438313535633033373864613938346462343662
38346334323665623865663332323531373337633133373261316133613835323639633234366136
33396631636462643732393334633930303039623733623064323436373063303366313863633362
36626632343062363361383765613866623435363236313235663164653365633134316434663037
31313839376330303633616532666433383837383937313334656363656566363737333630663564
38633664376230326236663237366661393134363933656566373763616365333762636266306634
65613663393637643535353961336538666639313733356436386136386462343830643636396632
33643865396233396262346562643630363766393661626237356134653966323639393061363564
30303436323039393937616433313830666439333265356139626539643034393339366163303931
66376435323235623337653966336461336433656563313565366531306637386233653939373030
63626235613964323061653463303165323033643366313638373561316336656365313462633463
65393061636239323937353232356265323266643933346534373535386261313733656366666132
66653631646433643539316338383965363064373331643836613531613063376261313830633339
37383239336438663738376133633331383333646164333934356236326133333761306162366539
33313733386463383063373865356138323535336465353763646437616164643634306130653731
61333336396534303435633738656231653330646330326237303065353162383038316130363535
35333539376633396439353366313132653232343733323161623230316339333664646462616662
6331643364386539633630643038623230353132626330626430
