$ANSIBLE_VAULT;1.1;AES256
32616336383164313835336136616563336462623934613864383138386335363031326165383734
3231333365636130336339316236313761383365666433610a343561633337326466326531326666
33623562636562313966336131316463613936373836326235613466373330646536653134616664
3631636666653837620a626666343835623239646237626366623263383265613363323939656439
32353731653837356236663638633834646339383865653738616231663735363764636632376130
66356337366463386235646161373164303066643331626464383861313633616238386533356265
36656563653230323333616662366262333339656631383639316230613632306662303032386630
36366531366461323034363330353864656666666336343536623835316432336334636465316562
30303633343331366538623833656161313533373838636463343934353833376465663465623437
65636337636135316462366135356537386636353761613433613661333863306337363566633533
32343439623865346166393865393830666336626636663537366162363332636466663435646439
33323533626661383962306433313262383230303131393132373236353961633439383061643934
63353861303637663964363038646631643262333533663062393765306263336637
