$ANSIBLE_VAULT;1.1;AES256
30326530316335356563333338663631316265633532396262333132643961323061613935343637
3731623064666233613232613733306665326431393763650a333536646434353662313339376639
38383962376134353835333637633161323665373565333438373463323037343161646430663130
3136316331656335320a356532643638636364383130353530623837343638396535653166643064
38313738373661356435386465353366626465623737626266303732356132393161633833643735
64656163313332623064383932376463633463363561346238623531646562346636343332633639
31663333363136303032336430376562303433656130636339366266333633393265303636663664
32613764396331356535363462626534323430663635643663343234666230386633353631323635
36626365336563353364646339373862653731396562306265316135663038346232396362643562
37633966336662616163336434376264613963613764343534666561613130333766666437363963
37323132653739656630656131396438333030663838633839346365306565656435663561623336
61353763343866616531363939656331343734386563363638333566383837343538333531323661
65313838663830383232366330396531663862303434616539373138353735323939353663363530
6337313839303336636338363065306361663965376465663238
