$ANSIBLE_VAULT;1.1;AES256
38633733643031376230346131303633643862303433313338323438366261323032316235626331
3337363635383464356635626431616430303933376530350a373565373364646531333437663861
63353435633963373264643336626530633035656466393834623731343538383631643136616638
3633346665656364610a666663376235393737376333623264333332616666356335633430393764
34373638346239303433656539666165356131656536363534623439643232303534323738316461
65656638313931663039316662333430306266386563383830323632343531336461313330626537
66343166633066336163303336353833393930366535313232363161633639313331636639323661
37393865343234326138653562366336323063353333323562376165346238323565666339336365
30613837633932623333666165313764313562396434613934376531366334343332323963393732
64616461663630373563303637616639343735376663336339633032303534333236623962613733
65646366373565633662356436643962376564626439616664366261393035666565363933356132
39323966663931643064393230613337363565373535343832623933663263636635363064323634
64356330346232623031653066663866643336366137653936353036383033303637346139643361
63343062373734623537316132653939653265333730316237613936653532323031323766653563
38356538633066356633333131313165373238613138656637306261323966383831373633363263
39343635313431623938323463353762393239636134376339323363633831613461663566353838
63393963386535396461393833633135623035353832376666376530336365323132336362623665
61643537623065626437323634333136656163323561306165366236316136353732343133616537
65623731646161623962343836356334656133363764303665306265343762633635343833316566
62623833386133373133366466383435633361316133353538306536373464636632613064306361
35666638363130396135366163646664663163303232636539383562376264383431366331313432
64343266343061393366666334646462633231646232336235353264393238663338313765396662
64313130326638336332623836333434323864643737396366303333373830616338316133643134
31643436313765363537323965393363653835313261646635633331313030646235383534613035
3137
