$ANSIBLE_VAULT;1.1;AES256
37323135343766333430656239626162356164346436373435303138643662323234316333343038
3430323666616566363135353038386432353662646266640a623264643833613362396430383765
35376337353832336638626636323264393164656637386330626237336363333030656664333663
6637633931373532300a663330366336393830613564663434616363363663313734396666366362
36396632616236633665663736336330646533366538653936626435313839303361633238396136
39353666613836373666306463663866666165306631653665653838306135346334343533656635
33616434643636366661366133666337303834656232366538313431323336393164393462346563
66333765363530646365316563656637343662323537356439623938633835386436653066663562
37376662303962643065386366613565633536376332316637363761363739616431653931363335
62363030313932346535626439353038363866373136303639313933313165653537633632613466
32623030373263633635396237393430646234613638636465353730313033366137646363356339
35363465376239653533626633376563646238306165393838323866633738326265613830643662
63626566373331373730336630356565333234373131633031306661386433343337343961616435
63336438633437646337333533653235303863313064653738613336353834646161663038356165
32326164633861333038383831383439366639656337646132646130363263333239616537356139
63383764386632303433386663353435376435613730636336616235303337323838646433306332
35353135366335326335653261613661353464326138353830636330366631303733363365363632
37633333363162613931303362353562376666616435366562376464656135393962643833323234
63353837333438646532636335613166373137386364363936613162353332626362313437663239
34333931343536626335633566393631656430666262333466656262643261643037303138383466
61663639633636646566306439653532626364316264313966366664623864656661643139666337
65383261663534336263646530343433633834363330633164386535633064616233643435623935
34323933373333636465303535343439656430396538323062323634646333323563323837343136
34313730313639313965656430626635313036356130646431386663373338343964613833363934
62656338393632313761343735663665616537653831373730613836366138386266663336616266
61383465353263353364343537333262396439633637646335376463353037633434643664356335
63636166633030373663643438363236323266313264306133363334656666373730373037396565
62323634373130616233313361373230363664663232373930626464666136663231613236346361
39643863353361383830623637626563313333393532383036306137613336663230643639636263
66363434383239666539396133336264326138323438613764346334323634656533653135343638
36396235303538316139653431653264336434333363643236616438303230306532326332316331
65633864363362633265653639373964363536626234343362656436663132323935653737373936
31613463336136666636633634643865353663653338313162396433336333363338653732316330
36663737323838313965346263333832646566316563383738643666393431643461353234613533
31646537333366613130333532623135623461373338636638643862346664643031346530303661
33373130616236333634616338666562353530383432666564336330356130373462373536343038
32626661346232343835386135656564613264623834383937633435333837343361623835613538
30386562333037663235333062656162656333383064653264653766326565313362343434333235
37656332396332653764333961346564313733316265653761653634343033383134393666663139
30333961626532653265316463393166333766623935353833336165383937396664346562356661
36376331623262313338646236313636373362313237393130653961623533613964303838326165
35386162623966613162643539626437363037636630643930323563383831373665343133393034
34343264653434653137333834376265363863316434346365613632613764663838653432666235
36343733393361346230306432313931356337663032613631363664393938623334333261303065
65623464383933353633303861393930636566396436353734633131663433336131623532393162
39656461346638663265656262363561656363623363626634306234666534353662343530343937
30633130343331356530616335666463366136626365343534666533386166643636626266643466
30316238383936633331303338303064316464303261623064383133613837356537666564656562
34613731643861666235343437636261376265366135333962316231623638643738633938666231
34643066343634343539663965393865613833306136626430656237333931393230363230383134
35643739623134636366663635626134366666326335343336313665336432666333356462633336
63386432666131306662323234333134326539623762323632663061646366363662643136663038
36363563323534386632333130633038623635316139656235303333373432393664623266313165
63663533653964373365326264633563656636323561346534313432636233656161303666613932
35646137663262363165373230623339363639343361316139633461393134366265323131336336
61623836316133656166666664373266373033666331346536316261363630636131353931353337
35376565373338333737613264623361323265643064323463353065616364363061396565366632
30633031383465326366613765393062306636643762616534383731373264656163303463366161
61663335636539663631356563646638643834613836303563353537396634633566333930656664
30376466396232363136396332633533356363643961313236313163396133383665613363646465
33336362643763333631666663393631336165323065626436623637613335376539323733663161
30333765323639376430663361336262353264353532343032663964396536646461623866313133
38303865663263613664366161393161306463613034346338363234346633666561376361353061
35663065376335396639383766626565633938636231653332366533376666363331363230636437
61656530333935333935646561373833636363323333396464346162346434373961363635623563
37373230376361323363656331323031663231623437373931646462616432333264376432663363
63323438373231643535643663376138356437653838323665643432663539323835646664313061
31653563643539613862333164303763613932643832646336346438643930343939336532376239
65356338356539346461376263393638663064303930623031643333646365646466666466626639
31343163396162366463393365643536396333636335616230373431646164346464333234643235
34383637633638336663626162653130326266386432666665333434373565393434663761623739
33623335636337663465303731343639363563386138616165613136393761666263623637346665
36636165623332343133333130626566366561383731323436663066656531616634646135333738
66336433366464313462636632643238333237626634393231646662313830656632643264303339
64383064613066613633343636373161666633666435386434623662306232646234643866663564
39383465346565653638383063633533626132643033336339363964643234643261363435386435
38393064333762356639613262313630383634626666363862646261633865303633383662346137
6538383162613937623237306662633139363961623761656463
