$ANSIBLE_VAULT;1.1;AES256
34326539316435366638326564383561336632396237613162613035633534653565353031316564
3163336135383765626133316432396337326134626362660a373033316231346433643937386163
38336635363735636464316162633863363135366164313734326266613734663165373437306132
3165636461396534360a636532356466323364616439373233653163616266643463616265393962
35343962306337616130366139383335373061353130613266373361303731633861663935353762
32316365646638306434646563643838326630653337366531636539666533666164343834363030
32336164353032646338393065393837396632333733643437653963383764376332623364663132
38616265643234316639346332643261383931663264303437633237303164333666353438663863
39343862373464393865343237353835646462393062653033356637376464376564623532656536
35323837303234656664636461366138643664313335663736383962663335643364613436373532
30393832616661316435633838393365613738613365613736383637663364376332616565333063
61633765356561373635373230636635353337646439326266626535343730346562366336336561
62333136343539343465313263343133353436306538303132353732393662666665336330386364
61623239643236316562633439306139306662623336646264356561366433336664656366656161
34636264393135626635323835343333326437616166343731346639373263653635316563643563
65666533653136323562323166636133396135643730326337346238363765346261633330363133
63373264643236653332623835343939336666323235616163343030363338663363336162613230
37656537376361393631323231376664366536396332306165316636623063343833323232613536
37306263643662333431656137666239386462326563303936373439353163393734343364633231
36316265343065316463363961336539646337393631393931336632646362303236303037373032
38636435383739386432306665376564656233333836326434376463616662336431326331643262
30393365396436666230666464353462383834363438316561393563653530663034353637333438
30663334383533356336626634376433313535363638366264623730616362626335333138313332
30633565376235333933666334366131643765333964363963306632663265343535346637366464
65323061633339306365346235313561356632633338396364343232363839346131383863653765
62613137663763336262383766626364316337333737626337623662633337356233623362663133
39613466616338333133613862653439306337653534363631623366373462626366633739316561
37653637373366643163386633313365353431306663636361343061303937353666656134343334
62643736383536636637366462613766336563333139333437316535353037623333313564343334
31633062306437343032383266376538396464316335323662383064633337323335363737346437
656466373337313735366363346364656464
