$ANSIBLE_VAULT;1.1;AES256
37376162323938303031393336633531346630373665326136623236303139356336613132303731
3661663434626338353063356238633237326463383831370a323731613336386237346134333938
31633934323064353861666234396135666462383461326663623434363638316536646435643733
3535323039623638630a316564396334303463396663383935383435623762353133356436383966
39366537626239656333393231336230346530366434646564346565383332306563303631663635
36663132346138393733386135383138353335363435616164343339346339316462326635333537
32316237373531633462326138616332666163303234616334623865626435623566306437636432
37353661386264323433356434336361636566313333376463323164323335666434663334653138
38653136313230386665343731346165393139336233393263623732633236616364306162643633
36656536363465323862646438303935393338356632386130393139386162333331623135616662
316635386435326564376363363733316432
