$ANSIBLE_VAULT;1.1;AES256
63623539366562313838663132306366303532393931313935383539346666653838663263363431
6662616238383133613461343437663830313435376463340a613961333534663239633531363034
66643838386465663463653135626435646535636438643636373132646261626631323561393565
3563346532383265390a613963393465346336643337363735356365363166636639366566326366
38653264333336326238653239386462373465643862336130616661303831353836633038323338
36333862336132323461616131366432303264656339313065306334356664663030316462626137
64626331396430316561383437356535356362613638666662366233363436396131306235393936
31313534313335656634633366613664343630343537643237303737616637316639623264366662
34636638356533373863666236313565383262313962376562623766313162643537336461616466
39313964306461363436643966653034343436323234663834666336306638343030353938616431
66323765353364316662383932313063386433386433393435366564663766306435646666306631
65643764623035363937316134646535643230303636643037616331663461363033643136656462
64646266653735343464353762613335633534626464333665383166363738323939643638643134
66333136623338623765313361393432396663356633303434373139366232373931633035323730
31643736656234306662323763663730323565323661653330333930646234373037613932323066
32323739336433316231306632616333633864326661663162333833633462386339383666643961
65633231616239343534313730336561663031623365646361393032393633633732633761343936
61313031343936633433643034356665353839383735623834363539303061323463643637633537
33383466373839336264363633373837366536346534656166613063376339633338393032633564
38363062613839656239306662653935316434363833363262343432393464383636326261316638
61393132613232393965616533653166623139343037323162303031336339336531383133646630
62363031333135623365316434396535303232383639383132613266646631313063366237343230
61326439373766653530346630336430613836613562663461653762626438356434383663373266
63326330303262636632623862633361363536383930623933333863363736313566356463386532
65633438636331313837643164636665306161313239396432393837396132393032
