$ANSIBLE_VAULT;1.1;AES256
65336261633662383064356637373534393463356537663631393839633236373437636435656636
3639646365636364376435346666353162373135393732330a363134626539643062313136356535
65626366623832663638373863313833393131356336623436623437333632626131393130613330
6563386631656465630a323962396566343835316535323333663261333331616135656162653033
32653762356662663834366636323833316566656536336366623164643532326133343131626130
38303131343335306464346261343831316532666431323064316364623665613739613064626261
37386436643735356437653934393631623936303466643065336331643937646337666331353034
33613536343961663833323866373732326132646361613636646166353464633832393766343539
31303331333735373330376332383365666561333330623761636661353962336337336334373331
32643933663062373730653662303534623364343465386265373465343534626635373266333663
63663630323735363864323961663965333939633065663238383435616134623234346436646636
34613862366261643964
