$ANSIBLE_VAULT;1.1;AES256
65346130313433663636653336623265643833343764356530333635336166333331383539383236
6633393139316133646164393061656638393936336163320a333430636239366231376466353465
63373331656663383630313338373238336530643335366135353265393836353636303762643165
3932303264343736660a323930646234653738663531633063623936366463353966613834663238
38313836633563663230393636316233313166356535366339656630343531616564373662653136
66616234656431303062643332346365636364633331356338636364326234643639653637333761
32303536653663386561333362396265383631356531653636373438613764373334316233633936
32336330313731343532613265616664363235343132306366643339356430646334353338383332
31326238653739353435613363353936643363323735363662623437336364366539313831666137
63626635383232373034646338646334346332353333336536653738343330353563656365633766
61663064366434626563303536663261323432663334643034363935633766383532313336666133
31383831386561613939
